0
0., 0., 0., 0., 0., 0.
0.00851026442140271, 0.0545890599055239, 1.5253956886376072, -1.5231487796259073, 1.6349954201387282, -0.009822324827889889
1
-1.5872381507328277, 0.054495745237641044, 1.525414330765238, -1.5231003100940679, 1.6349275095309312, -0.009822324827889889
-1.5685006819352483, 0.6761516336358991, 1.6489317421231129, -2.2688215011490254, 1.5032907857996771, -0.009793236034764577
-1.5684820398076178, 0.6760582898396919, 1.6488944578678517, -2.2690345540362316, 1.5032520368058164, -1.5437436701257627
-1.5685006819352483, 0.6761516336358991, 1.6489317421231129, -2.2688215011490254, 1.5032907857996771, -0.009793236034764577
-1.5872381507328277, 0.054495745237641044, 1.525414330765238, -1.5231003100940679, 1.6349275095309312, -0.009822324827889889
0.00851026442140271, 0.0545890599055239, 1.5253956886376072, -1.5231487796259073, 1.6349954201387282, -0.009822324827889889
0
0., 0., 0., 0., 0., 0.